{"metadata":{"kernelspec":{"name":"python3","display_name":"Python 3","language":"python"},"language_info":{"name":"python","version":"3.10.13","mimetype":"text/x-python","codemirror_mode":{"name":"ipython","version":3},"pygments_lexer":"ipython3","nbconvert_exporter":"python","file_extension":".py"},"kaggle":{"accelerator":"nvidiaTeslaT4","dataSources":[],"dockerImageVersionId":30683,"isInternetEnabled":true,"language":"python","sourceType":"notebook","isGpuEnabled":true}},"nbformat_minor":5,"nbformat":4,"cells":[{"cell_type":"code","source":"import numpy as np\nfrom numpy import linalg as LA","metadata":{"execution":{"iopub.status.busy":"2024-04-11T14:00:44.545636Z","iopub.execute_input":"2024-04-11T14:00:44.545951Z","iopub.status.idle":"2024-04-11T14:00:44.550168Z","shell.execute_reply.started":"2024-04-11T14:00:44.545927Z","shell.execute_reply":"2024-04-11T14:00:44.549206Z"},"trusted":true},"execution_count":2,"outputs":[]},{"cell_type":"code","source":"# исходные данные\n# первая матрица\nA1 = [[177.2000,   1.0500,   -8.9700,  0.7500],\n      [  4.2600, 185.8000,    0.1300, -8.8600],\n      [ -3.8100,   5.2300, -189.0000, -4.8800],\n      [  5.8200,   3.8700,   -2.4700, 81.4000]]\n\nB1 = [[  455.3400],\n      [ -924.0400],\n      [-1554.4600],\n      [   59.7500]]\n\n# точный результат для первой матрицы\nX1 = [[ 3],\n      [-5], \n      [ 8], \n      [ 1]]\n\n# вторая матрица\nA2 = [[ 167.9400,  32.6700,  -24.9250,  60.2720],\n      [ -11.1360,   6.4340,    1.4070,  10.2960],\n      [1174.1800, 228.6900, -174.2750, 421.9040],\n      [  27.9650,   0.0000,   -3.9950,   0.9990]]\n\nB2 = [[ -9.9130], \n      [-28.7890], \n      [-70.1910], \n      [ 16.9790]]\n\n# точный результат для второй матрицы\nX2 = [[ 1], \n      [-5], \n      [ 3], \n      [ 1]]\n\n# единичная матрица\nE = [[1, 0, 0, 0],\n     [0, 1, 0, 0],\n     [0, 0, 1, 0],\n     [0, 0, 0, 1]]","metadata":{"execution":{"iopub.status.busy":"2024-04-11T14:00:44.841602Z","iopub.execute_input":"2024-04-11T14:00:44.841951Z","iopub.status.idle":"2024-04-11T14:00:44.851194Z","shell.execute_reply.started":"2024-04-11T14:00:44.841923Z","shell.execute_reply":"2024-04-11T14:00:44.850222Z"},"trusted":true},"execution_count":3,"outputs":[]},{"cell_type":"code","source":"# функция для преобразования матрицы к треугольному виду\ndef gauss_func(matrix):\n    # функция меняет матрицу через побочные эффекты\n    for nrow, row in enumerate(matrix):\n        # nrow равен номеру строки\n        # row содержит саму строку матрицы\n        divider = row[nrow] # диагональный элемент\n        # делим на диагональный элемент.\n        row /= divider\n        # теперь надо вычесть приведённую строку из всех нижележащих строчек\n        for lower_row in matrix[nrow+1:]:\n            factor = lower_row[nrow] # элемент строки в колонке nrow\n            lower_row -= factor*row # вычитаем, чтобы получить ноль в колонке nrow\n    # все строки матрицы изменились, в принципе, можно и не возвращать\n    return matrix\n\n# функция, с которой доводим полученную матрицу до единичной\ndef make_identity(matrix):\n    # перебор строк в обратном порядке \n    for nrow in range(len(matrix)-1,0,-1):\n        row = matrix[nrow]\n        for upper_row in matrix[:nrow]:\n            factor = upper_row[nrow]\n            upper_row -= factor*row\n    return matrix","metadata":{"execution":{"iopub.status.busy":"2024-04-11T14:00:45.190801Z","iopub.execute_input":"2024-04-11T14:00:45.191206Z","iopub.status.idle":"2024-04-11T14:00:45.198520Z","shell.execute_reply.started":"2024-04-11T14:00:45.191178Z","shell.execute_reply":"2024-04-11T14:00:45.197555Z"},"trusted":true},"execution_count":4,"outputs":[]},{"cell_type":"code","source":"# функция для нахождения норм\ndef norm(a):\n    norm_one = LA.norm(a, 1)\n    norm_inf = LA.norm(a, np.inf)\n    return [norm_one, norm_inf]","metadata":{"execution":{"iopub.status.busy":"2024-04-11T14:00:45.602165Z","iopub.execute_input":"2024-04-11T14:00:45.602553Z","iopub.status.idle":"2024-04-11T14:00:45.607649Z","shell.execute_reply.started":"2024-04-11T14:00:45.602522Z","shell.execute_reply":"2024-04-11T14:00:45.606605Z"},"trusted":true},"execution_count":5,"outputs":[]},{"cell_type":"code","source":"# функция для нахождения числа обусловленности\ndef cond(a):\n    cond_one = LA.norm(a, 1) * LA.norm(LA.pinv(a), 1)\n    cond_inf = LA.norm(a, np.inf) * LA.norm(LA.pinv(a), np.inf)\n    return [cond_one, cond_inf]","metadata":{"execution":{"iopub.status.busy":"2024-04-11T14:00:46.194734Z","iopub.execute_input":"2024-04-11T14:00:46.195523Z","iopub.status.idle":"2024-04-11T14:00:46.200505Z","shell.execute_reply.started":"2024-04-11T14:00:46.195491Z","shell.execute_reply":"2024-04-11T14:00:46.199462Z"},"trusted":true},"execution_count":6,"outputs":[]},{"cell_type":"code","source":"# функция решения СЛАУ\ndef solve(A, B):\n    AB = np.append(A, B, axis=1)\n    return make_identity(gauss_func(np.copy(AB)))[:,4:]","metadata":{"execution":{"iopub.status.busy":"2024-04-11T14:06:59.138935Z","iopub.execute_input":"2024-04-11T14:06:59.139663Z","iopub.status.idle":"2024-04-11T14:06:59.144433Z","shell.execute_reply.started":"2024-04-11T14:06:59.139633Z","shell.execute_reply":"2024-04-11T14:06:59.143427Z"},"trusted":true},"execution_count":23,"outputs":[]},{"cell_type":"code","source":"# Решение первого уравнения\nF1 = solve(A1, B1)\nF1","metadata":{"execution":{"iopub.status.busy":"2024-04-11T14:06:59.349629Z","iopub.execute_input":"2024-04-11T14:06:59.349978Z","iopub.status.idle":"2024-04-11T14:06:59.357697Z","shell.execute_reply.started":"2024-04-11T14:06:59.349951Z","shell.execute_reply":"2024-04-11T14:06:59.356711Z"},"trusted":true},"execution_count":24,"outputs":[{"execution_count":24,"output_type":"execute_result","data":{"text/plain":"array([[ 3.],\n       [-5.],\n       [ 8.],\n       [ 1.]])"},"metadata":{}}]},{"cell_type":"code","source":"# Решение второго уравнения\nF2 = solve(A2, B2)\nF2","metadata":{"execution":{"iopub.status.busy":"2024-04-11T14:06:59.511150Z","iopub.execute_input":"2024-04-11T14:06:59.512048Z","iopub.status.idle":"2024-04-11T14:06:59.518525Z","shell.execute_reply.started":"2024-04-11T14:06:59.512017Z","shell.execute_reply":"2024-04-11T14:06:59.517645Z"},"trusted":true},"execution_count":25,"outputs":[{"execution_count":25,"output_type":"execute_result","data":{"text/plain":"array([[ 1.        ],\n       [-5.        ],\n       [ 2.99999998],\n       [ 1.        ]])"},"metadata":{}}]},{"cell_type":"code","source":"# невязка первой матрицы\nR1 = B1 - np.matmul(A1, F1)\nR1","metadata":{"execution":{"iopub.status.busy":"2024-04-11T14:06:59.611156Z","iopub.execute_input":"2024-04-11T14:06:59.611457Z","iopub.status.idle":"2024-04-11T14:06:59.617900Z","shell.execute_reply.started":"2024-04-11T14:06:59.611433Z","shell.execute_reply":"2024-04-11T14:06:59.616930Z"},"trusted":true},"execution_count":26,"outputs":[{"execution_count":26,"output_type":"execute_result","data":{"text/plain":"array([[ 5.68434189e-14],\n       [-1.13686838e-13],\n       [ 2.27373675e-13],\n       [ 7.10542736e-15]])"},"metadata":{}}]},{"cell_type":"code","source":"# невязка второй матрицы\nR2 = B2 - np.matmul(A2, F2)\nR2","metadata":{"execution":{"iopub.status.busy":"2024-04-11T14:06:59.699711Z","iopub.execute_input":"2024-04-11T14:06:59.700347Z","iopub.status.idle":"2024-04-11T14:06:59.706447Z","shell.execute_reply.started":"2024-04-11T14:06:59.700320Z","shell.execute_reply":"2024-04-11T14:06:59.705517Z"},"trusted":true},"execution_count":27,"outputs":[{"execution_count":27,"output_type":"execute_result","data":{"text/plain":"array([[ 2.48689958e-14],\n       [-3.55271368e-15],\n       [-8.52651283e-14],\n       [ 7.10542736e-15]])"},"metadata":{}}]},{"cell_type":"code","source":"# нормы невязки (единичная и бесконечная) первой СЛАУ\nnorm(R1)","metadata":{"execution":{"iopub.status.busy":"2024-04-11T14:06:59.837160Z","iopub.execute_input":"2024-04-11T14:06:59.837769Z","iopub.status.idle":"2024-04-11T14:06:59.844441Z","shell.execute_reply.started":"2024-04-11T14:06:59.837742Z","shell.execute_reply":"2024-04-11T14:06:59.843354Z"},"trusted":true},"execution_count":28,"outputs":[{"execution_count":28,"output_type":"execute_result","data":{"text/plain":"[4.050093593832571e-13, 2.2737367544323206e-13]"},"metadata":{}}]},{"cell_type":"code","source":"# нормы невязки (единичная и бесконечная) второй СЛАУ\nnorm(R2)","metadata":{"execution":{"iopub.status.busy":"2024-04-11T14:07:00.357251Z","iopub.execute_input":"2024-04-11T14:07:00.358334Z","iopub.status.idle":"2024-04-11T14:07:00.364013Z","shell.execute_reply.started":"2024-04-11T14:07:00.358300Z","shell.execute_reply":"2024-04-11T14:07:00.363145Z"},"trusted":true},"execution_count":29,"outputs":[{"execution_count":29,"output_type":"execute_result","data":{"text/plain":"[1.2079226507921703e-13, 8.526512829121202e-14]"},"metadata":{}}]},{"cell_type":"code","source":"# абсолютная погрешность (по единичной и бесконечной нормам) для первой матрицы\nnorm(F1 - X1)","metadata":{"execution":{"iopub.status.busy":"2024-04-11T14:07:00.371396Z","iopub.execute_input":"2024-04-11T14:07:00.371687Z","iopub.status.idle":"2024-04-11T14:07:00.378295Z","shell.execute_reply.started":"2024-04-11T14:07:00.371663Z","shell.execute_reply":"2024-04-11T14:07:00.377440Z"},"trusted":true},"execution_count":30,"outputs":[{"execution_count":30,"output_type":"execute_result","data":{"text/plain":"[2.886579864025407e-15, 1.7763568394002505e-15]"},"metadata":{}}]},{"cell_type":"code","source":"# абсолютная погрешность (по единичной и бесконечной нормам) для второй матрицы\nnorm(F2 - X2)","metadata":{"execution":{"iopub.status.busy":"2024-04-11T14:07:00.405801Z","iopub.execute_input":"2024-04-11T14:07:00.406072Z","iopub.status.idle":"2024-04-11T14:07:00.412392Z","shell.execute_reply.started":"2024-04-11T14:07:00.406049Z","shell.execute_reply":"2024-04-11T14:07:00.411509Z"},"trusted":true},"execution_count":31,"outputs":[{"execution_count":31,"output_type":"execute_result","data":{"text/plain":"[2.2363939922165343e-08, 1.909211277961731e-08]"},"metadata":{}}]},{"cell_type":"code","source":"# относительная погрешность\nnp.array(norm(F1 - X1)) / np.array(norm(X1))","metadata":{"execution":{"iopub.status.busy":"2024-04-11T14:07:00.436252Z","iopub.execute_input":"2024-04-11T14:07:00.436513Z","iopub.status.idle":"2024-04-11T14:07:00.443103Z","shell.execute_reply.started":"2024-04-11T14:07:00.436492Z","shell.execute_reply":"2024-04-11T14:07:00.442162Z"},"trusted":true},"execution_count":32,"outputs":[{"execution_count":32,"output_type":"execute_result","data":{"text/plain":"array([1.69798816e-16, 2.22044605e-16])"},"metadata":{}}]},{"cell_type":"code","source":"# относительная погрешность\nnp.array(norm(F2 - X2)) / np.array(norm(X2))","metadata":{"execution":{"iopub.status.busy":"2024-04-11T14:07:00.479248Z","iopub.execute_input":"2024-04-11T14:07:00.479568Z","iopub.status.idle":"2024-04-11T14:07:00.487039Z","shell.execute_reply.started":"2024-04-11T14:07:00.479535Z","shell.execute_reply":"2024-04-11T14:07:00.486029Z"},"trusted":true},"execution_count":33,"outputs":[{"execution_count":33,"output_type":"execute_result","data":{"text/plain":"array([2.23639399e-09, 3.81842256e-09])"},"metadata":{}}]},{"cell_type":"code","source":"# нахождение обратной матрицы к A1\nsolve(A1, E)","metadata":{"execution":{"iopub.status.busy":"2024-04-11T14:07:00.508029Z","iopub.execute_input":"2024-04-11T14:07:00.508342Z","iopub.status.idle":"2024-04-11T14:07:00.515112Z","shell.execute_reply.started":"2024-04-11T14:07:00.508317Z","shell.execute_reply":"2024-04-11T14:07:00.514128Z"},"trusted":true},"execution_count":34,"outputs":[{"execution_count":34,"output_type":"execute_result","data":{"text/plain":"array([[ 5.64046909e-03, -2.28982519e-05, -2.66793419e-04,\n        -7.04567839e-05],\n       [-1.48299110e-04,  5.37067465e-03,  3.07252601e-06,\n         5.86122797e-04],\n       [-1.07493345e-04,  1.55507424e-04, -5.28189253e-03,\n        -2.98737343e-04],\n       [-3.99497802e-04, -2.48982060e-04, -1.41344318e-04,\n         1.22531189e-02]])"},"metadata":{}}]},{"cell_type":"code","source":"np.matmul(A1, A1_1)","metadata":{"execution":{"iopub.status.busy":"2024-04-11T14:07:00.559712Z","iopub.execute_input":"2024-04-11T14:07:00.559997Z","iopub.status.idle":"2024-04-11T14:07:00.566559Z","shell.execute_reply.started":"2024-04-11T14:07:00.559972Z","shell.execute_reply":"2024-04-11T14:07:00.565507Z"},"trusted":true},"execution_count":35,"outputs":[{"execution_count":35,"output_type":"execute_result","data":{"text/plain":"array([[ 1.00000000e+00,  4.87890978e-19,  1.31323988e-17,\n         4.33680869e-19],\n       [-1.18552293e-18,  1.00000000e+00,  1.71189961e-19,\n         7.06917513e-18],\n       [ 4.64984796e-18, -1.19747521e-18,  1.00000000e+00,\n         1.25469628e-17],\n       [ 5.05832460e-18,  3.24677019e-18,  1.27821874e-18,\n         1.00000000e+00]])"},"metadata":{}}]},{"cell_type":"code","source":"# нахождение обратной матрицы к A2\nsolve(A2, E)","metadata":{"execution":{"iopub.status.busy":"2024-04-11T14:07:00.582596Z","iopub.execute_input":"2024-04-11T14:07:00.582881Z","iopub.status.idle":"2024-04-11T14:07:00.589713Z","shell.execute_reply.started":"2024-04-11T14:07:00.582857Z","shell.execute_reply":"2024-04-11T14:07:00.588779Z"},"trusted":true},"execution_count":36,"outputs":[{"execution_count":36,"output_type":"execute_result","data":{"text/plain":"array([[-1.83004719e+05, -3.26699999e+05,  3.53349599e+04,\n        -5.14711991e+05],\n       [-3.63749999e+04, -6.53499999e+04,  7.03499998e+03,\n        -1.02960000e+05],\n       [-1.28106804e+06, -2.28689999e+06,  2.47349719e+05,\n        -3.60298394e+06],\n       [-1.39964965e+02,  3.98251462e-07,  1.99949950e+01,\n         1.00100163e+00]])"},"metadata":{}}]},{"cell_type":"code","source":"np.matmul(A2, A2_1)","metadata":{"execution":{"iopub.status.busy":"2024-04-11T14:10:13.356183Z","iopub.execute_input":"2024-04-11T14:10:13.357035Z","iopub.status.idle":"2024-04-11T14:10:13.363700Z","shell.execute_reply.started":"2024-04-11T14:10:13.357001Z","shell.execute_reply":"2024-04-11T14:10:13.362699Z"},"trusted":true},"execution_count":37,"outputs":[{"execution_count":37,"output_type":"execute_result","data":{"text/plain":"array([[ 1.00000000e+00,  9.47600334e-09,  1.87135851e-09,\n        -1.06364478e-08],\n       [-1.09991128e-10,  9.99999999e-01, -6.50713017e-11,\n         4.58309340e-10],\n       [ 2.74683419e-08,  7.90397022e-08,  1.00000001e+00,\n        -1.59159979e-07],\n       [ 1.89721089e-10,  1.63060333e-09,  1.36906714e-10,\n         9.99999997e-01]])"},"metadata":{}}]},{"cell_type":"code","source":"# числа обусловленности первой системы\ncond(A1)","metadata":{"execution":{"iopub.status.busy":"2024-04-11T14:14:56.449723Z","iopub.execute_input":"2024-04-11T14:14:56.450589Z","iopub.status.idle":"2024-04-11T14:14:56.481155Z","shell.execute_reply.started":"2024-04-11T14:14:56.450555Z","shell.execute_reply":"2024-04-11T14:14:56.480146Z"},"trusted":true},"execution_count":38,"outputs":[{"execution_count":38,"output_type":"execute_result","data":{"text/plain":"[2.6492159819385415, 2.6466740188618796]"},"metadata":{}}]},{"cell_type":"code","source":"# числа обусловленности\ncond(A2)","metadata":{"execution":{"iopub.status.busy":"2024-04-11T14:15:04.812571Z","iopub.execute_input":"2024-04-11T14:15:04.813469Z","iopub.status.idle":"2024-04-11T14:15:04.820504Z","shell.execute_reply.started":"2024-04-11T14:15:04.813427Z","shell.execute_reply":"2024-04-11T14:15:04.819529Z"},"trusted":true},"execution_count":39,"outputs":[{"execution_count":39,"output_type":"execute_result","data":{"text/plain":"[5829659542.270575, 14829547446.326979]"},"metadata":{}}]},{"cell_type":"code","source":"","metadata":{},"execution_count":null,"outputs":[]},{"cell_type":"code","source":"","metadata":{},"execution_count":null,"outputs":[]}]}